time,x,y,z,phi,theta,psi,x_velocity,y_velocity,z_velocity,phi_velocity,theta_velocity,psi_velocity,rotor_speed1,rotor_speed2,rotor_speed3,rotor_speed4
0.06,1.0121218932915967e-07,-1.1652899816145008e-08,10.005352106114186,6.283171301727526,6.282950166881715,0.0,1.5079444743328464e-05,-1.1793845684692038e-06,0.178391754248702,-0.0007044514998599937,-0.013212186132626728,0.0,461.945605479215,460.9028408858759,460.8086998995768,460.753025536564
0.12000000000000001,8.762650217467073e-06,-5.325711158465698e-07,10.018549336235768,6.282753574843719,6.281839065949487,0.0,0.0003653939663394321,-3.457018333609251e-05,0.26149986214399645,-0.02400004724480096,-0.032103693823674694,0.0,431.39867593868354,429.80081398181227,433.4808915350554,431.51926306786316
0.18,7.201240624911227e-05,-1.9695816561406603e-05,10.041068110221827,6.2809222309804635,6.280206682038697,0.0,0.001956167695534519,-0.0007958036796879132,0.48905523808606,-0.048611797002453286,-0.018872091626933193,0.0,475.2746354403655,476.2873523254195,476.67067205751584,474.7860969381847
0.23999999999999996,0.00024973840687650493,-0.0001202348875643984,10.071667958433064,6.27825033894349,6.278989789695263,0.0,0.004077530040250015,-0.002815453755810728,0.5309196456024323,-0.03741758734567546,-0.023260657925108376,0.0,418.3082026227029,417.92591620178456,418.0182148165134,418.99110545745305
0.3,0.0006016991438191295,-0.0004220738098909788,10.110698586206304,6.275962223985495,6.279186924394818,0.0,0.0076968318360217825,-0.0075229662567352215,0.7699690091426192,-0.03961028462629539,0.031441957743155835,0.0,478.1378245048074,482.2866800563216,478.5170251343975,478.3495120455495
0.36000000000000004,0.0011483154283078972,-0.0010531131932508093,10.162678010345008,6.273234992995201,6.281592349467221,0.0,0.010270235284430777,-0.013801487883882085,0.9625344186086,-0.060920957658977454,0.053374901386009255,0.0,465.85117474857543,467.5635203660601,466.0845553135115,464.415031731504
0.4200000000000001,0.0017871582400125043,-0.002125012434559784,10.22570512531173,6.2693051264408375,0.001873105226562366,0.0,0.010645528056594604,-0.02235377092278109,1.138206191528308,-0.07672851566580348,0.06535416116979366,0.0,460.9977619664282,461.9453869535278,461.64172654235335,460.3897566423664
0.48000000000000015,0.0023669183835648665,-0.0038010861115617836,10.299059618258953,6.264475177052633,0.0055195414630180295,0.0,0.008253526722336616,-0.03404018878306139,1.3067563701571336,-0.08936604709101635,0.04953195788263076,0.0,460.3112521644618,459.0600391102753,459.7330159140057,458.7256283045476
0.5400000000000001,0.002734507025243464,-0.006257075308904438,10.380817775463276,6.2594996969070245,0.008070105940842787,0.0,0.003707362203785976,-0.04835708842570305,1.4183703154343252,-0.07243744659332667,0.022280510829936442,0.0,443.07502931288076,440.8300432706308,441.9945672503049,443.3816246021056
0.6000000000000002,0.00279813470347057,-0.00962590764954073,10.467348665253597,6.255309609838889,0.009024412948160254,0.0,-0.0016983844639655756,-0.06433766002552453,1.465921040598198,-0.06508283585724076,-0.0015956471972417893,0.0,422.7935694543034,420.73156907154106,421.9869750018323,422.6172899697177
0.6600000000000003,0.0024818967862299778,-0.01416541758853324,10.56138671459442,6.251121083945769,0.009255007758395273,0.0,-0.0088503489612444,-0.08744305875151284,1.668392437695839,-0.08150112622398537,0.012956868436568826,0.0,470.1520628191296,471.2780688331181,470.8714333527766,469.5961750974456
0.7200000000000003,0.0017445299838156451,-0.020135988300814936,10.665781269148757,6.245871354761439,0.009924488247444074,0.0,-0.015805197472439803,-0.112113748603992,1.8111899567395005,-0.10351086308213985,0.007292975621608593,0.0,453.2005801717335,452.74501724158324,454.1459534693432,452.3708003967446
0.7800000000000004,0.0005980287705923198,-0.027624778225283978,10.776596053865866,6.239809063651856,0.010124523347026404,0.0,-0.022442981184139052,-0.13810769665296802,1.8824951494592839,-0.09650557232677671,-0.006073642102619776,0.0,431.98945265083603,430.8608891777815,430.5360953321966,431.11914531618885
0.8400000000000004,-0.0010139378510176185,-0.03708297476744184,10.898255494634498,6.234695686104889,0.009679512979073657,0.0,-0.031231645814748042,-0.17784417788952853,2.17228051376124,-0.068982735810972,-0.010248579777508435,0.0,497.21568175614306,496.90986591642735,495.9368170026506,497.9486539298256
0.9000000000000005,-0.003127084127536481,-0.048979696823313414,11.035799446911328,6.230309304584509,0.009743183510151354,0.0,-0.039175911542573084,-0.21921100951467237,2.412013147533166,-0.0829814225932092,0.017339306755283227,0.0,482.8626051581023,484.9392508751543,484.3591140882073,483.30147609302435
0.9600000000000005,-0.005687740195978696,-0.06326993047828026,11.18397879556592,6.225128599160914,0.010744361898670896,0.0,-0.04628335314085469,-0.2576454111072393,2.527015503228615,-0.09409702715951727,0.015347312795273977,0.0,447.3489384932092,447.1866227198093,448.33351243718954,447.4233276845878
1.0200000000000005,-0.00871788782828203,-0.08009687049271302,11.341071385511508,6.220099078432021,0.011868951713086773,0.0,-0.05483472513110627,-0.30383141629048865,2.708945562120379,-0.06867777585014807,0.02479120704026663,0.0,467.7702694061719,468.5050298759598,468.0095385909258,469.9781374002153
1.0800000000000005,-0.01228015204348115,-0.09975747008972473,11.508321979229407,6.216317448695246,0.01310740874029026,0.0,-0.06405528213436987,-0.35193237738513145,2.865655299987405,-0.05362011835911268,0.010682405310646051,0.0,462.50188991426836,461.3893246456515,461.34105768661726,462.5256440119129
1.1400000000000006,-0.01640615609360867,-0.12231538801515687,11.683928984396609,6.213124511069022,0.013662418229964501,0.0,-0.07353723489096628,-0.4003157190436291,2.9875664594542073,-0.05241897241460256,0.006219660892318742,0.0,451.9833888907074,451.62345646902247,452.49572442694614,452.5906040273936
1.2000000000000006,-0.02113233429107232,-0.14794973608453796,11.868330696333716,6.2097532478685995,0.013948512708085836,0.0,-0.08403303310055622,-0.45449675197028105,3.1586605646636365,-0.06505164382522596,0.0016946030214470883,0.0,468.53532095654197,468.18329687255203,467.8171573952652,466.83043620720906
1.2600000000000007,-0.026487015401313804,-0.1768785431537667,12.062510457273047,6.205255767415991,0.014079822791145169,0.0,-0.09446302215868417,-0.5102017003947832,3.3135135612796858,-0.11901092359933615,0.0031585139204939393,0.0,462.9722834529179,463.0874059529758,467.0725500851967,462.839561413497
1.3200000000000007,-0.03243095359526282,-0.2090389824798079,12.26313077145212,6.198460830955064,0.014637124508066535,0.0,-0.10370373261958925,-0.5624674030402131,3.3735817860404134,-0.10369040329864136,0.019360648573759527,0.0,434.99600602780424,436.3506249854562,434.8002937763397,436.0701244808732
1.3800000000000008,-0.0388897399902312,-0.24415482343559217,12.463737884682281,6.191995345407285,0.015980804063556064,0.0,-0.11169057177274044,-0.6085730784173178,3.3134364827579854,-0.11746701680060347,0.027860048168966995,0.0,394.9888178919014,395.77201849334585,396.43986143494163,395.15995861070473
1.4400000000000008,-0.04598794939125385,-0.2829202420021228,12.669134213298317,6.186079532476507,0.017380132352374567,0.0,-0.12509217771234593,-0.6843055188996647,3.5323527793199005,-0.07553329562457105,0.012205072408397877,0.0,484.9276142955943,483.75019776251,482.6576815848917,485.80376411548764
1.5000000000000009,-0.05392189108780965,-0.3263746036543123,12.887752719603085,6.181541598087691,0.017879019237849292,0.0,-0.13943574512959953,-0.7646504941988215,3.75413938464747,-0.07583075204365568,-0.0008964826772744176,0.0,487.3420406940692,486.3616287988831,486.3526166284235,486.32637519827097
1.560000000000001,-0.0626356776756986,-0.374248073538346,13.114676454361634,6.177053682691483,0.017926875048101643,0.0,-0.15102017355775188,-0.8315475849791576,3.8097253180192534,-0.07281139447835734,0.003987269552884767,0.0,437.898634923366,438.3047156364148,437.24895193650576,437.49595104901783
1.620000000000001,-0.07207567607996265,-0.42639377658902183,13.346537935879118,6.174017275727309,0.018225874575912293,0.0,-0.16366750327745205,-0.9069706625601456,3.9185473827823545,-0.025144844676897583,0.006904611935152964,0.0,455.26742115966783,455.5007088179826,452.79367231897686,456.61022350131424
1.680000000000001,-0.08223024830469351,-0.4828153052492654,13.582137736476358,6.17274670467928,0.018668844017679653,0.0,-0.17485566109888118,-0.9738727950751667,3.9346790392459323,-0.01423201304942912,0.008322517931384124,0.0,425.8960114637604,426.0171675414775,426.37544067302156,427.3067904302445
1.740000000000001,-0.09313507382894821,-0.5436889649259623,13.822434948146324,6.17191020050576,0.019255846568213997,0.0,-0.1886880342753232,-1.0552953134887761,4.074687638948588,-0.013367427942802964,0.012555781915492198,0.0,465.9245548477177,466.25529586676396,465.20284268586386,465.27066446657005
1.8000000000000012,-0.10482482317410738,-0.6091309173486394,14.06811208992142,6.171452834684207,0.019905530214224143,0.0,-0.20103316200060528,-1.126155755640551,4.114366177562911,0.0019193682282899272,0.007127037831622822,0.0,435.65184836771675,435.1975286188061,434.8945513927782,436.1733093434132
1.8600000000000012,-0.11746664241818014,-0.6799495127699929,14.326115691700236,6.171464767108166,0.020315119936674897,0.0,-0.22039211696380884,-1.2343113772869065,4.484314067774333,-0.003485950374387684,0.006218504098194958,0.0,531.7851522115251,531.7227948385389,532.2657591592395,531.895684729093
1.9200000000000013,-0.13106277742490094,-0.7560613093753571,14.595614722262406,6.171537258357359,0.02123183008490237,0.0,-0.2328728824523097,-1.3027628452948734,4.498892750954238,0.009246182232365585,0.029052929643480063,0.0,430.4798259840553,432.4079079747909,429.7855216289228,430.86341182253375
1.9800000000000013,-0.14550434659021816,-0.8366707656001718,14.869472766592512,6.172363036143928,0.023180932124121867,0.0,-0.2486992799175038,-1.384103416190629,4.629147939132025,0.02153739649078513,0.03859006005550411,0.0,467.237267907456,467.98062257767964,466.6051005276044,467.56364636579656
2.0400000000000014,-0.1608772917755273,-0.921850521547906,15.148497106857418,6.1738047444612825,0.025786984834155646,0.0,-0.26396018384483877,-1.455095912477758,4.67146432821498,0.02859498088848951,0.05168993133962428,0.0,440.9657124506808,442.0477073536106,440.6946075640785,441.2777348045881
2.1000000000000014,-0.1773850856140096,-1.0119566543952156,15.436364367583622,6.175276456506598,0.028625836887961498,0.0,-0.28664412620748825,-1.5481475491788192,4.923013977978565,0.014814043381690623,0.03669118780661982,0.0,504.84175603384926,503.7592893178214,504.201693050243,503.2049986434376
2.1600000000000015,-0.1952015812231356,-1.1071718630741727,15.73520237946572,6.176282958549914,0.03038279828354984,0.0,-0.3074384485300233,-1.6255629239860603,5.037711073011557,0.020433656046941945,0.00724075543796107,0.0,467.26854681268605,464.96690654786687,466.53885926183017,466.97738536532717
2.2200000000000015,-0.21429121838737508,-1.2069966744557774,16.04074739911394,6.177255054133653,0.03121898446643634,0.0,-0.3289361461427879,-1.7017895737070075,5.146602714946683,0.006002350233308945,0.024767642803196467,0.0,465.63366176876247,467.00287297602745,465.7959665609415,464.6657685002343
2.2800000000000016,-0.23462721885443405,-1.311165774549202,16.35077750144817,6.178173620854562,0.03231146108253391,0.0,-0.34904997802940796,-1.7704574196102139,5.18751144823755,0.029372014087129465,-3.8429276011060776e-05,0.0,447.19503548841726,445.16947980306816,444.55141905388507,446.46246963454826
2.3400000000000016,-0.25605762895201445,-1.4190254522905572,16.6593174607687,6.179574547808304,0.03245999984081038,0.0,-0.36531697847420935,-1.824822359414724,5.0975579688531765,0.007211508642630857,0.0070816540095149216,0.0,402.40533206616715,403.049428623651,403.9613516435471,401.95780270005105
2.4000000000000017,-0.278419215587491,-1.52998300575941,16.960980611767855,6.179955374932682,0.03291303009043656,0.0,-0.38011986069173126,-1.8738324099755665,4.958484251645308,0.004559685363559855,0.008472110055743136,0.0,383.6238623668142,383.75579283259907,385.0875131070177,384.8364370528699
2.4600000000000017,-0.301799924105807,-1.6442699542448593,17.258032028544214,6.180158043927285,0.033846782362451755,0.0,-0.39930369683403055,-1.935751053005106,4.94326306879363,0.0009024680219157702,0.026909961611317677,0.0,424.76845814651784,426.3468857318289,426.6235197394382,426.3110226919701
2.520000000000002,-0.3264029256875235,-1.762431485261518,17.555674320548743,6.1806589010433335,0.03552456483270916,0.0,-0.4209438678815859,-2.0029553383256515,4.977952308659328,0.02015079988564884,0.02998983477492115,0.0,442.2541838779383,442.5080327472072,441.1157546093083,442.70256104799313
2.580000000000002,-0.35247949167148523,-1.8850257989536432,17.859357659134524,6.182519681204903,0.037297118104684834,0.0,-0.4484484654721135,-2.083305410735428,5.144048457789791,0.04681136867780655,0.028632796020304503,0.0,481.85759882210607,481.75517817802967,482.3207841412525,484.3305881723633
2.640000000000002,-0.38005507426347046,-2.011892772014443,18.16794204402775,6.185583825560618,0.03910528040590222,0.0,-0.47089299268843915,-2.1453855839031104,5.142109908689532,0.05845240961467185,0.03298422256617088,0.0,432.0006053514181,432.3677470495797,432.11239212100935,433.0944965774213
2.700000000000002,-0.40895819985586707,-2.14231064831331,18.47509842218174,6.189205864668397,0.0410848659916887,0.0,-0.4927142389660817,-2.201661863815509,5.096659855809354,0.06394417072686866,0.03301082459469237,0.0,418.2102693501961,418.2130821824514,417.4232482792375,417.90513274258797
2.760000000000002,-0.4393083191389926,-2.2762918563961176,18.782054345440894,6.1930947064925235,0.04291213224808832,0.0,-0.5191287371761402,-2.264057187718963,5.1350474500447385,0.06649855259402282,0.02477776520106399,0.0,445.69889903587,445.02569758202605,444.1635003047374,444.3760615553191
2.820000000000002,-0.47141002100958074,-2.414229356336747,19.094391808825577,6.19735092144456,0.04395379480583905,0.0,-0.5510465622042042,-2.333411177660866,5.275574158023401,0.0785908434948855,-0.004725339580683337,0.0,476.7959450453685,474.5362052477894,476.57564034924536,477.5025799040065
2.880000000000002,-0.5053574861288745,-2.5560781621989435,19.41322247518826,6.201562428698651,0.04398306005884933,0.0,-0.5805125175120707,-2.3944628376822332,5.351798259110126,0.042627697436663115,0.009280056632532115,0.0,457.5336887239055,458.6475610424149,459.7896280073852,456.9343730014646
2.940000000000002,-0.5410657028941345,-2.701505164412245,19.736377663452007,6.204147014748077,0.044140029120673496,0.0,-0.6097899575909195,-2.4528795477615843,5.41972335937949,0.04395888532451321,-0.016066283947093363,0.0,456.6029091700635,454.5759850847929,457.08723952165366,457.19430018259357
3.000000000000002,-0.5784118046043019,-2.8501880153177273,20.060961045072663,6.206336860998501,0.04291833308881632,0.0,-0.6349983552392097,-2.50306740564002,5.399839951000721,0.014197623291693346,-0.030747447457803934,0.0,429.77704482649193,428.53063440486045,430.3340485284426,427.80751450277995
3.0600000000000023,-0.6172191454699223,-3.001809232403373,20.383683388818323,6.207308943758495,0.04107536094608211,0.0,-0.6584438657256556,-2.55096150756917,5.357775098004649,0.019934432400765263,-0.030653796650408113,0.0,422.31984229702095,422.32755270206815,420.51294683474583,421.009627140954
3.1200000000000023,-0.6574968235514622,-3.156469045832424,20.706153392604882,6.208496662790033,0.0389238671513894,0.0,-0.6839629024618981,-2.6042929189132518,5.3910687743689385,0.019515648177543313,-0.04909963645172816,0.0,447.0973858757186,445.5910866168113,444.7769457715732,444.74260596542376
3.1800000000000024,-0.6991932941520035,-3.314181976087338,21.028815692295478,6.209595081044359,0.03596133247648847,0.0,-0.7056849797832728,-2.6527704012063036,5.364481603281093,0.015773068674954264,-0.04993305546113306,0.0,426.11879101795995,426.0458948607649,427.2049849522883,426.88563687693113
3.2400000000000024,-0.7422159190224684,-3.474944207267248,21.351900994481326,6.210559244556659,0.032648648868597085,0.0,-0.7281113283866573,-2.705917861168179,5.404842046167011,0.016655520613199064,-0.0686970549961431,0.0,448.48558303752253,446.9565202262094,447.84982083747576,447.92150822414135
3.3000000000000025,-0.7864340633495235,-3.6386943015361344,21.674750543810344,6.211500439930639,0.02825758142431578,0.0,-0.7455031620165667,-2.752409988884233,5.357059298116642,0.013674784148340521,-0.0841410658537103,0.0,420.5898150519703,419.2452000420302,419.4498937079198,419.1908210347904
3.3600000000000025,-0.8317210726233148,-3.8054843373313965,21.99828799882412,6.2121059062367046,0.023381337773812128,0.0,-0.7635800794948568,-2.8072147977293884,5.427198233870829,0.0017358499283296521,-0.07607554377154448,0.0,456.76802839836404,457.40573522443634,457.216746171626,456.26429548552983
3.4200000000000026,-0.8780057669995094,-3.975581336291962,22.326289549094987,6.2124566519591085,0.019140854701698018,0.0,-0.7788095455174591,-2.862684064496317,5.505803223888244,0.013007244865284104,-0.06161968890375978,0.0,458.97651977161905,460.11885087070453,460.38449882308123,461.2755220614015
3.4800000000000026,-0.9251118546604453,-4.148962146601565,22.6583642639994,6.212882070079921,0.015388773944454925,0.0,-0.7910396754726936,-2.916648197478059,5.563076546661825,-0.008654457473260182,-0.06442959104868964,0.0,453.2683033213971,453.03964563220194,456.5323816958499,454.8003339603183
3.5400000000000027,-0.9728070804396963,-4.325237248159761,22.988913385269882,6.212837876058561,0.01167923735968035,0.0,-0.7985467746255076,-2.959293057828506,5.455757234578122,0.011660745458241962,-0.05707114690019062,0.0,400.04287774856766,400.7092857241172,400.5758908787744,402.41947550397344
3.6000000000000028,-1.0209591217452545,-4.504443255165179,23.31819957248766,6.2137629687302045,0.008175243003668342,0.0,-0.8061898278543225,-3.0141959755466603,5.520140507484544,0.02203585293443973,-0.06119819301303629,0.0,456.4407151433155,456.1088938558724,455.49488563666876,456.3238918352928
3.660000000000003,-1.0694940444072374,-4.686865979864835,23.65035141907149,6.214771601385905,0.004197921589388365,0.0,-0.8112982695168123,-3.0665021456826795,5.55145131449968,0.003496165956217708,-0.07914887865879523,0.0,447.09597998084706,445.62740453333,447.23198186026235,445.7190260440388
3.720000000000003,-1.118254383480601,-4.8723087906297025,23.982702777621807,6.2150287763517476,4.402509463208304e-05,0.0,-0.8136865541695356,-3.114969360216984,5.527053039939125,0.005821443110609299,-0.05447803653921287,0.0,427.8334006499438,429.9251335070116,428.69646699784744,428.893963750631
3.780000000000003,-1.1670926414279492,-5.060755579422657,24.314899829484375,6.215346555853024,6.280252430108579,0.0,-0.8139807393236043,-3.166610941652141,5.546085442319141,0.004224794572677421,-0.0413322246845193,0.0,442.54000202636684,443.61935888712634,442.1512216468755,442.0195437654582
3.840000000000003,-1.2158867035903473,-5.252551832590918,24.651854723839268,6.216159515500058,6.278694453254097,0.0,-0.8122869739477984,-3.2265473809903966,5.685038604985326,0.027632335954722087,-0.005774512835973796,0.0,478.24718491516404,480.9480476083155,478.20593563143206,479.98586468053486
3.900000000000003,-1.2645615076068577,-5.447803543246769,24.995187461090435,6.21750163456759,6.27828752243952,0.0,-0.8101713759614122,-3.281735483972395,5.759017687154314,0.008926564661187578,-0.008877846560630346,0.0,461.52550749681285,461.2805703956223,461.97987506290565,460.50231206710134
3.960000000000003,-1.313125687379142,-5.646033425864351,25.33803162360785,6.218095538905114,6.2781796191041295,0.0,-0.8086105685705924,-3.325977538015728,5.669577905923276,0.011774501756010053,0.009535727538952585,0.0,407.80860846233264,409.45048388536287,409.9767136328661,410.22962137216
4.020000000000002,-1.3615842301352614,-5.8470912903887875,25.678125752626386,6.219002259772328,6.278599645935255,0.0,-0.8067162095052622,-3.375946137893892,5.66690229822388,0.02106718321886114,0.0013746853572086859,0.0,437.4375868309686,436.75722202718424,436.87257972033706,437.64678725726696
4.080000000000001,-1.40991829696968,-6.051376837112606,26.021708641247628,6.220291350842173,6.278944438285087,0.0,-0.8044447672745705,-3.43346888216643,5.785256909335697,0.022307295296017313,0.013304626814818431,0.0,473.6064847854036,474.5232477398439,474.8192180728693,474.9143334058576
4.14,-1.458135473231688,-6.258948228929406,26.369981399063104,6.222274979034843,6.279552376671152,0.0,-0.8028596657799709,-3.485479595903832,5.82365049960313,0.048740847875144606,0.0028824215301843418,0.0,451.82243587923836,450.9811100228303,450.3461972664555,452.4800496901451
4.199999999999998,-1.5062766134685612,-6.469447773711176,26.717809665674913,6.224941060250815,6.279823383062867,0.0,-0.8018608937020468,-3.5310496038920167,5.770946465505449,0.034019254448595326,0.007600164962961307,0.0,422.3576356881719,422.7643400262386,422.9928564456078,421.72409679267787
4.259999999999997,-1.5543626002684392,-6.682678144095044,27.062836175347243,6.227143724715315,6.281170259946844,0.0,-0.801083853479094,-3.576547671533673,5.730176605272179,0.04161299011709841,0.0421781019182029,0.0,425.4310984635912,428.38225324910815,424.22493311443554,424.87730610554064
4.319999999999996,-1.602428876377343,-6.898623711329531,27.405539913248372,6.2295761441361925,0.0008615366945949887,0.0,-0.8013432403628354,-3.621528306115368,5.693499904810286,0.03830435882357338,0.05751058583949836,0.0,426.76999574291693,428.07843224584343,425.82765197531086,425.54539509647606
4.379999999999995,-1.6505648641317685,-7.117425173423922,27.749435373604516,6.2318104310815166,0.004176288742106848,0.0,-0.803517385589202,-3.6716898683402053,5.769313987465276,0.03501603381232318,0.05028301580512033,0.0,460.50693773411615,459.93669342781396,463.27121526474104,463.01312214368534
4.439999999999993,-1.6988904009994,-7.339159007072167,28.09691301232973,6.233910566871886,0.006801425468602851,0.0,-0.8075982471890639,-3.7193087412930073,5.8130677905764525,0.034974713671471494,0.02563106710980936,0.0,453.7204417059538,451.7375129986218,452.4506964395667,452.44786841570385
4.499999999999992,-1.7475031136357735,-7.563714094568184,28.44677803324751,6.23628275696765,0.008115959592053024,0.0,-0.8129566486173402,-3.7657250821547086,5.848944605108844,0.04737632106913192,0.013171742379058918,0.0,451.3557700398203,450.34892061222337,449.7577849611846,450.76204823748515
4.559999999999991,-1.7964886671068674,-7.791185366945703,28.802302156850807,6.240059125909067,0.00917320443627112,0.0,-0.8199916602734503,-3.816331483047409,6.001119029841202,0.08330081234588486,0.025293798898198668,0.0,484.72902039468516,485.6391894597721,484.9314490554665,487.6252371715571
4.6199999999999894,-1.845864545351607,-8.021362178247339,29.16083012080267,6.245146232321369,0.01075612150409544,0.0,-0.8259973005945641,-3.855946250220227,5.9501923988907475,0.08759791923929477,0.028473689888086528,0.0,425.5336128675072,425.80597421347574,423.1991485359443,423.5752225422589
4.679999999999988,-1.8956674039340375,-8.253989591719721,29.5199880987693,6.251387967409363,0.012396846585369659,0.0,-0.8342580311595648,-3.8978276182535154,6.02148826127835,0.12513136040124162,0.024987959878147486,0.0,462.52901362506833,462.25450396309077,460.9693131007174,463.93468579604223
4.739999999999987,-1.9459379317272223,-8.488878923556856,29.878701130853756,6.259104452423326,0.014248498129584064,0.0,-0.8415600708528519,-3.931389988955008,5.936241248017742,0.13477909473267602,0.040579108133028285,0.0,412.11378676553323,413.49031678654933,412.1036523604507,412.97220561066035
4.799999999999986,-1.996765578237695,-8.725823951387007,30.238267856414943,6.267348405594863,0.017549872207782258,0.0,-0.8529936218061258,-3.966045139336788,6.048900801679211,0.1421777550698146,0.07438094654023415,0.0,472.14359034488757,474.7464198530531,474.2732505825792,474.8573927763235
4.859999999999984,-2.048321681997765,-8.964672700722907,30.602798705079074,6.276225331259841,0.022086790279932877,0.0,-0.8659643501461174,-3.994877163742583,6.102030674515391,0.1575174467114894,0.07797498614128578,0.0,456.2523151452466,456.54355558291286,456.7567177820913,457.99834079718
4.919999999999983,-2.100754245817529,-9.205106315391614,30.970995396616853,0.0024321276233685296,0.02629997715130461,0.0,-0.8822208166984631,-4.018789216172064,6.1710244066324,0.15449686494396625,0.04642487752972944,0.0,463.19399028852825,460.7089318598868,461.9844376791092,461.7683412045104
4.979999999999982,-2.1541670309068683,-9.446826710682508,31.34069053574332,0.01203032171630447,0.02861070801424681,0.0,-0.8984363645518453,-4.037883908301548,6.152463423152852,0.16912085617902203,0.013847672747488741,0.0,435.8020798317525,433.0705915849099,434.6174723868453,435.8663956553896
5.019999999999981,-2.190323347475537,-9.608553559458647,31.58624358673711,0.018769056001035622,0.02918168377795194,0.0,-0.9094109783531613,-4.048195287611832,6.125361635457029,0.16631618101925724,0.015487319579736026,0.0,427.6950175475697,427.904384741107,426.559109237348,426.22809031519506
